0.01 0.87645
0.0179 0.87645
0.0179 0.985321
0.0258 0.985321
0.0258 1
0.0337 1
0.0337 1
0.0416 1
0.0416 1
0.0495 1
0.0495 1
0.0574 1
0.0574 1
0.0653 1
0.0653 1
0.0732 1
0.0732 1
0.0811 1
0.0811 1
0.089 1
0.089 1
0.0969 1
0.0969 1
0.1048 1
0.1048 1
0.1127 1
0.1127 1
0.1206 1
0.1206 1
0.1285 1
0.1285 1
0.1364 1
0.1364 1
0.1443 1
0.1443 1
0.1522 1
0.1522 1
0.1601 1
0.1601 1
0.168 1
0.168 1
0.1759 1
0.1759 1
0.1838 1
0.1838 1
0.1917 1
0.1917 1
0.1996 1
0.1996 1
0.2075 1
0.2075 1
0.2154 1
0.2154 1
0.2233 1
0.2233 1
0.2312 1
0.2312 1
0.2391 1
0.2391 1
0.247 1
0.247 1
0.2549 1
0.2549 1
0.2628 1
0.2628 1
0.2707 1
0.2707 1
0.2786 1
0.2786 1
0.2865 1
0.2865 1
0.2944 1
0.2944 1
0.3023 1
0.3023 1
0.3102 1
0.3102 1
0.3181 1
0.3181 1
0.326 1
0.326 1
0.3339 1
0.3339 1
0.3418 1
0.3418 0.999904
0.3497 0.999904
0.3497 1
0.3576 1
0.3576 1
0.3655 1
0.3655 1
0.3734 1
0.3734 1
0.3813 1
0.3813 1
0.3892 1
0.3892 1
0.3971 1
0.3971 1
0.405 1
0.405 1
0.4129 1
0.4129 1
0.4208 1
0.4208 0.999998
0.4287 0.999998
0.4287 1
0.4366 1
0.4366 0.999991
0.4445 0.999991
0.4445 1
0.4524 1
0.4524 1
0.4603 1
0.4603 1
0.4682 1
0.4682 0.999998
0.4761 0.999998
0.4761 0.99997
0.484 0.99997
0.484 0.999838
0.4919 0.999838
0.4919 0.999922
0.4998 0.999922
0.4998 0.999913
0.5077 0.999913
0.5077 0.999845
0.5156 0.999845
0.5156 0.999838
0.5235 0.999838
0.5235 0.99971
0.5314 0.99971
0.5314 0.999662
0.5393 0.999662
0.5393 0.999703
0.5472 0.999703
0.5472 0.999771
0.5551 0.999771
0.5551 0.999838
0.563 0.999838
0.563 0.999472
0.5709 0.999472
0.5709 0.999358
0.5788 0.999358
0.5788 0.999367
0.5867 0.999367
0.5867 0.999202
0.5946 0.999202
0.5946 0.999287
0.6025 0.999287
0.6025 0.999573
0.6104 0.999573
0.6104 0.999413
0.6183 0.999413
0.6183 0.999479
0.6262 0.999479
0.6262 0.999374
0.6341 0.999374
0.6341 0.999205
0.642 0.999205
0.642 0.998761
0.6499 0.998761
0.6499 0.999115
0.6578 0.999115
0.6578 0.999335
0.6657 0.999335
0.6657 0.99917
0.6736 0.99917
0.6736 0.998832
0.6815 0.998832
0.6815 0.998789
0.6894 0.998789
0.6894 0.998601
0.6973 0.998601
0.6973 0.998418
0.7052 0.998418
0.7052 0.997856
0.7131 0.997856
0.7131 0.997694
0.721 0.997694
0.721 0.997029
0.7289 0.997029
0.7289 0.996885
0.7368 0.996885
0.7368 0.996238
0.7447 0.996238
0.7447 0.995561
0.7526 0.995561
0.7526 0.994549
0.7605 0.994549
0.7605 0.99301
0.7684 0.99301
0.7684 0.990434
0.7763 0.990434
0.7763 0.987285
0.7842 0.987285
0.7842 0.98301
0.7921 0.98301
0.7921 0.977278
0.8 0.977278
